-0.08653 -0.04549 0.09353
0.00000 0.00000 0.00000
-0.09895 -0.08765 0.04713
0.01418 0.10465 -0.06633
0.15672 -0.16411 0.32525
0.12149 -0.08513 0.25371
0.54086 -0.01389 -0.05780
0.00000 0.00000 0.00000
0.03774 -0.03215 0.23653
-0.12628 -0.20367 0.16623
0.03268 0.00308 0.03094
-0.12257 -0.05832 0.30507
0.07749 -0.04576 -0.39949
0.07749 -0.04576 -0.39949
-0.09749 -0.04244 -0.09412
0.00000 0.00000 0.00000
-0.07143 -0.13248 -0.17034
-0.12176 -0.06249 0.25866
0.29487 0.09201 0.06720
0.61748 0.07708 -0.08806
0.32537 -0.07388 0.06688
-0.07950 -0.01687 -0.84892
0.45297 0.00973 0.11160
0.57365 0.06239 0.08484
0.67392 0.00703 0.00724
-0.13240 -0.07269 0.06130
0.20761 -0.08448 0.29140
0.00000 0.00000 0.00000
0.41874 0.06323 -0.08381
0.31985 0.05952 -0.10218
-0.11987 -0.07591 -0.08446
0.48728 0.04502 0.10817
0.19303 0.00343 0.04610
0.59722 0.04415 0.03481
0.73118 0.08352 -0.04769
0.15458 -0.06481 0.00949
-0.13840 -0.01200 -0.10245
-0.08480 -0.04714 -0.01716
0.00000 0.00000 0.00000
0.00000 0.00000 0.00000
0.46823 -0.00290 0.06022
0.05609 -0.06722 -0.04777
-0.03802 -0.06635 -0.14160
0.00000 0.00000 0.00000
-0.10718 -0.01305 -0.05559
0.63434 0.05646 -0.03803
0.00000 0.00000 0.00000
0.00000 0.00000 0.00000
0.00000 0.00000 0.00000
0.00000 0.00000 0.00000
0.00554 -0.05418 0.33889
0.00000 0.00000 0.00000
0.00000 0.00000 0.00000
-0.01153 -0.03010 -0.34551
-0.09508 -0.01351 0.06596
0.00000 0.00000 0.00000
0.35973 -0.01389 0.04382
0.16232 -0.06938 0.07272
0.00000 0.00000 0.00000
0.00000 0.00000 0.00000
0.00000 0.00000 0.00000
0.53956 -0.01389 -0.10821
-0.03913 -0.02452 -0.54942
-0.11987 -0.07837 0.04001
0.05114 -0.07753 0.06209
0.10241 -0.01549 0.10782
0.33695 0.12440 0.02359
0.21857 -0.10967 0.33997
0.00000 0.00000 0.00000
-0.02341 0.09050 0.04821
-0.01940 -0.04014 0.13693
0.69103 0.04815 0.05018
0.00000 0.00000 0.00000
0.69844 -0.01389 0.01062
0.00000 0.00000 0.00000
0.00000 0.00000 0.00000
0.67782 0.10319 0.04177
0.51358 -0.01335 -0.10856
-0.06064 -0.03405 -0.37522
0.02005 -0.04441 0.48643
-0.09251 -0.06892 0.10027
0.34761 0.10097 -0.01711
0.18026 -0.09222 -0.32581
0.24695 -0.08378 0.05208
0.06618 -0.12128 -0.33266
0.00000 0.00000 0.00000
0.46561 0.10113 -0.07095
0.00000 0.00000 0.00000
-0.08480 -0.05588 -0.05813
-0.01218 -0.06887 0.06455
0.33800 -0.00196 0.06512
-0.12466 -0.02298 0.90683
-0.06678 -0.08199 -0.15919
-0.12290 -0.05334 0.39847
-0.06608 -0.05569 0.35588
0.28611 0.07134 0.09697
-0.12393 -0.04541 -0.55218
0.00000 0.00000 0.00000
-0.13694 -0.03023 0.09507
-0.00065 -0.03667 -0.16999
-0.11903 -0.06706 -0.08329
0.68699 0.08290 0.06699
0.00000 0.00000 0.00000
-0.04508 -0.03651 -0.65018
-0.10344 0.04656 -0.10461
-0.25026 -0.07060 -0.01919
0.00000 0.00000 0.00000
0.30250 0.06617 0.07992
0.00000 0.00000 0.00000
0.64765 0.07321 -0.02366
0.78511 -0.00531 0.02656
-0.06015 -0.09698 -0.00120
0.73637 -0.08202 0.00914
0.24124 0.00446 -0.05651
0.07089 0.08852 -0.05080
-0.06064 -0.03405 -0.37522
-0.09879 -0.07948 -0.17832
0.78256 0.05419 -0.01292
-0.07928 -0.19344 0.14900
0.00000 0.00000 0.00000
0.37829 0.03557 0.04023
0.00000 0.00000 0.00000
0.12252 -0.04874 -0.07858
0.09635 0.12021 0.03747
-0.08945 -0.09593 0.00408
0.25567 -0.01389 0.06260
0.00000 0.00000 0.00000
0.27558 0.04512 0.10814
-0.04749 -0.06974 0.02415
0.03090 -0.01952 0.10617
0.10983 0.09537 0.07843
-0.06865 -0.08207 -0.05618
0.24690 -0.07918 0.31483
-0.08816 -0.04038 0.69786
0.37802 0.04561 0.07884
0.00000 0.00000 0.00000
0.15802 -0.05342 -0.08773
0.39198 0.10075 -0.02945
0.00000 0.00000 0.00000
0.68548 0.05357 0.05592
0.60655 0.07099 -0.09528
0.04665 -0.03345 0.10037
0.79401 -0.04674 0.05145
-0.02744 -0.08765 -0.03708
0.23221 -0.08113 0.28797
0.65244 -0.03978 0.08809
0.33879 0.00808 0.03882
0.62503 0.05716 -0.05274
0.00000 0.00000 0.00000
0.00000 0.00000 0.00000
-0.02297 -0.10221 0.01880
0.08442 -0.05026 -0.35622
-0.07666 -0.17088 -0.14918
0.00000 0.00000 0.00000
-0.14668 -0.06803 0.06071
-0.08981 0.01544 -0.11181
-0.02127 -0.03889 -0.59853
0.00000 0.00000 0.00000
0.00000 0.00000 0.00000
0.10804 0.00640 0.02637
-0.08591 -0.05548 -0.11173
0.00000 0.00000 0.00000
0.31809 -0.00742 0.09713
0.31985 0.05952 -0.10218
0.02005 -0.04441 0.48643
0.14714 -0.11684 -0.33888
-0.06935 -0.01389 0.03830
0.29563 0.12156 -0.03418
-0.11819 0.01173 -0.05973
0.71773 0.01403 0.02610
-0.06524 -0.18492 0.13947
0.42976 -0.02355 0.10449
0.00000 0.00000 0.00000
0.23497 -0.06782 0.29046
0.00000 0.00000 0.00000
-0.09676 -0.02358 0.88621
0.00000 0.00000 0.00000
0.00000 0.00000 0.00000
0.00000 0.00000 0.00000
-0.07660 -0.03456 0.69908
0.00000 0.00000 0.00000
0.13953 0.09155 0.06512
0.24222 0.01309 0.11204
0.20193 -0.06376 -0.29296
-0.01978 -0.03131 0.71854
0.12116 -0.07647 0.07348
0.51074 0.06536 0.09975
-0.11064 -0.07066 0.09166
0.00000 0.00000 0.00000
0.66933 -0.13830 0.00551
0.24124 0.00575 -0.08551
0.01994 -0.03150 -0.27194
0.00000 0.00000 0.00000
0.15206 -0.05691 0.12308
0.13042 -0.12526 0.26399
0.00000 0.00000 0.00000
0.00000 0.00000 0.00000
-0.09381 -0.08765 -0.07626
0.00000 0.00000 0.00000
-0.11930 -0.08765 -0.15638
0.00000 0.00000 0.00000
0.09849 0.01758 -0.09945
-0.10033 -0.05223 0.28161
0.14652 -0.05331 0.10254
-0.12025 -0.02563 0.77552
-0.00855 -0.04024 0.10841
0.22690 -0.13868 0.35347
0.28205 0.12521 0.01744
-0.08166 -0.05128 -0.08938
0.03041 0.00343 -0.08421
0.00000 0.00000 0.00000
0.15558 -0.14490 0.31397
-0.03823 -0.05258 -0.41938
0.00000 0.00000 0.00000
0.04115 0.00808 -0.09988
-0.12633 -0.01411 0.97261
0.00000 0.00000 0.00000
-0.03715 -0.07225 -0.07791
-0.01875 -0.01043 -0.10897
0.00000 0.00000 0.00000
0.00000 0.00000 0.00000
0.00000 0.00000 0.00000
0.26346 0.05072 0.10581
0.00000 0.00000 0.00000
0.12904 -0.10602 -0.33880
0.59722 -0.07558 0.02415
-0.08480 -0.06825 0.04139
-0.05230 -0.05983 -0.27724
0.00000 0.00000 0.00000
-0.02595 -0.08397 -0.02590
0.00000 0.00000 0.00000
-0.02784 -0.11308 -0.04390
0.68064 -0.08105 0.03752
0.37908 -0.05615 0.08563
-0.00855 -0.04024 0.10841
0.38982 -0.01389 0.04583
0.68377 -0.04260 -0.08029
0.10133 -0.09265 0.27403
0.22163 -0.12902 -0.24375
0.10155 -0.15004 -0.33715
-0.25026 -0.07060 -0.01919
0.03220 0.08663 0.08555
0.04570 0.11255 -0.05591
0.00000 0.00000 0.00000
0.00000 0.00000 0.00000
0.08269 -0.01389 0.00105
-0.12904 0.03703 -0.07577
0.73029 0.04772 0.05592
0.00000 0.00000 0.00000
0.70372 -0.00553 0.02296
-0.05498 -0.06892 0.01604
-0.02200 -0.06075 0.24454
0.00322 -0.06836 0.08241
0.00000 0.00000 0.00000
0.09600 0.07270 -0.07737
0.28741 -0.01389 -0.10694
-0.13994 -0.04238 0.60451
0.05539 -0.06251 -0.17248
0.00000 0.00000 0.00000
-0.05371 -0.13116 -0.16612
0.00000 0.00000 0.00000
-0.04043 -0.08765 0.00172
0.17874 -0.08741 0.28526
-0.05528 -0.02796 -0.50020
0.43660 0.08953 -0.08332
0.14746 -0.01389 0.05719
0.56789 -0.01389 0.07578
0.00000 0.00000 0.00000
0.00000 0.00000 0.00000
0.51012 -0.02747 0.10286
0.13970 -0.09136 0.03376
-0.08207 -0.05172 0.16959
0.64062 -0.08627 -0.03502
-0.02841 -0.02947 -0.10204
-0.05550 -0.00347 0.10985
-0.04597 -0.03029 0.42447
0.19368 0.10138 -0.03405
-0.00168 -0.03088 -0.31009
-0.14763 -0.02328 -0.91093
0.69100 0.00559 -0.05594
0.06096 -0.06690 0.08330
0.33854 0.12743 -0.00063
0.48233 -0.01356 0.06512
0.00000 0.00000 0.00000
0.54340 0.09396 0.07989
0.00000 0.00000 0.00000
0.06867 -0.05864 0.23136
-0.01846 -0.03364 -0.28211
0.00000 0.00000 0.00000
0.83627 0.01863 -0.01638
0.00000 0.00000 0.00000
0.00000 0.00000 0.00000
0.23721 -0.01389 -0.06322
-0.09083 -0.05794 -0.33347
0.04830 -0.00236 0.02637
0.21408 -0.07315 -0.06784
-0.07471 -0.06993 -0.08876
0.14416 -0.09314 -0.02950
0.00000 0.00000 0.00000
0.32710 0.00343 0.07416
-0.02319 -0.04825 -0.45020
-0.00309 -0.05053 -0.40217
-0.12704 -0.04879 0.50002
0.71140 -0.00499 -0.01400
-0.13229 -0.02777 0.79427
0.00000 0.00000 0.00000
0.41874 0.06323 -0.08381
0.19038 0.05738 -0.10307
0.00000 0.00000 0.00000
-0.07649 -0.04214 0.29744
0.23816 0.02028 -0.10253
-0.09213 -0.08789 0.07053
-0.12853 -0.04563 0.70974
0.00000 0.00000 0.00000
0.10431 -0.01267 -0.03221
0.68805 -0.19945 0.01912
0.14865 -0.01389 -0.00410
0.09264 0.02310 -0.03838
0.08880 0.03830 -0.09279
-0.12187 -0.13116 0.16350
0.26468 -0.00196 0.02637
-0.07641 -0.07458 0.06593
-0.12725 -0.11698 0.15776
0.00000 0.00000 0.00000
0.69752 0.03852 -0.05594
-0.02841 -0.02947 -0.10204
0.00000 0.00000 0.00000
0.76037 0.04851 -0.04070
0.11946 -0.06560 -0.07766
-0.08388 -0.03137 0.50378
0.07089 0.08852 -0.05080
0.03501 -0.02858 -0.35598
-0.11527 -0.06286 -0.24810
0.00000 0.00000 0.00000
0.00000 0.00000 0.00000
0.00000 0.00000 0.00000
-0.08226 0.05776 -0.10291
0.73029 0.04772 0.05592
-0.02019 -0.05207 0.38754
0.45297 0.00973 0.11160
0.70409 0.07091 -0.00558
0.00000 0.00000 0.00000
-0.14306 -0.19785 0.17440
0.35462 0.05614 -0.10359
0.08417 -0.14653 -0.29894
0.35056 0.00751 0.03151
0.06039 -0.12815 0.27728
0.00000 0.00000 0.00000
-0.02127 -0.03889 -0.59853
0.00000 0.00000 0.00000
0.00000 0.00000 0.00000
0.69305 0.03798 -0.02663
0.21678 -0.14030 0.27568
0.00000 0.00000 0.00000
0.75266 0.05676 -0.04647
0.22872 -0.09149 -0.35276
0.13169 -0.06289 0.07930
0.03355 0.08060 -0.09017
0.35332 -0.09393 -0.02447
-0.14668 -0.06803 0.06071
0.00000 0.00000 0.00000
0.28611 0.07134 0.09697
-0.09381 -0.08765 -0.07626
0.00000 0.00000 0.00000
0.11134 -0.09100 0.32744
0.01142 -0.03545 -0.16847
-0.02376 -0.03708 -0.21696
0.27047 0.00448 0.11090
0.49050 -0.09176 0.03281
0.09600 0.07270 -0.07737
0.37829 0.03557 0.04023
0.03999 -0.02947 -0.32338
0.68310 -0.20297 -0.00867
0.00000 0.00000 0.00000
-0.05980 -0.06065 -0.42787
0.00000 0.00000 0.00000
0.04210 0.00808 -0.07493
-0.08970 -0.05207 0.42748
0.35748 0.08614 0.08593
-0.08069 -0.01670 0.83981
0.18564 0.01861 -0.11189
0.09781 -0.05513 -0.27080
0.53550 -0.01335 0.10855
0.16621 -0.08673 -0.01359
-0.07668 -0.07758 -0.07555
0.00000 0.00000 0.00000
0.00000 0.00000 0.00000
-0.04854 -0.04000 0.21080
0.07330 -0.07748 0.06214
-0.08226 0.05776 -0.10291
0.00000 0.00000 0.00000
0.72777 -0.00212 0.04591
0.42819 0.09721 -0.07607
0.39507 0.08955 0.04948
-0.20085 -0.04790 -0.07331
0.58453 -0.07607 0.06398
0.57560 -0.08659 -0.04525
0.08742 0.07324 -0.07169
0.33992 0.07183 -0.08094
0.03531 -0.09441 0.02058
0.00000 0.00000 0.00000
0.00000 0.00000 0.00000
0.00000 0.00000 0.00000
0.27185 0.00808 -0.05348
0.02846 0.09921 0.03687
0.21494 0.06185 -0.10121
0.00852 -0.02815 0.39208
0.32326 -0.09536 0.01357
0.00000 0.00000 0.00000
-0.06440 -0.04341 -0.55128
0.04370 -0.09533 -0.01365
0.16210 -0.06311 0.10641
0.00000 0.00000 0.00000
0.00000 0.00000 0.00000
0.00000 0.00000 0.00000
0.35302 0.10094 -0.00967
0.13074 -0.04655 -0.09523
0.54913 0.00808 0.02997
0.66343 0.03568 0.02643
0.23015 0.03435 -0.09171
0.00000 0.00000 0.00000
-0.13221 -0.20118 -0.14918
0.02927 -0.00983 0.02921
0.02827 -0.01952 -0.10618
-0.00271 0.09229 0.06853
0.00000 0.00000 0.00000
0.00000 0.00000 0.00000
-0.10777 -0.03643 0.68745
0.11805 -0.00878 0.02637
0.53276 0.00808 -0.05142
0.49050 -0.09176 0.03281
0.69958 -0.01389 0.03987
-0.12176 -0.06249 0.25866
0.00000 0.00000 0.00000
0.25975 -0.03781 -0.09861
0.10514 0.08815 0.05129
0.74647 0.06758 0.03979
0.00411 0.06853 0.07686
0.67909 0.01788 0.05427
0.00000 0.00000 0.00000
0.09651 -0.09568 0.01103
0.18588 0.00808 -0.08232
-0.08134 -0.01752 0.89755
0.00000 0.00000 0.00000
0.13020 -0.12079 -0.33996
0.00000 0.00000 0.00000
0.18199 -0.08267 0.25203
0.05728 0.12624 -0.00959
0.00000 0.00000 0.00000
0.00571 -0.02528 -0.48878
0.00000 0.00000 0.00000
0.21857 0.10506 0.06582
0.35056 0.00751 0.03151
0.03152 -0.02899 -0.42249
0.16121 -0.11917 0.23896
0.68061 0.06179 -0.02479
0.59722 0.03514 -0.03286
0.01258 -0.05927 -0.25365
-0.11559 -0.02349 -0.78228
0.35462 0.05614 -0.10359
0.00000 0.00000 0.00000
-0.04384 -0.08765 0.17465
0.00000 0.00000 0.00000
0.08309 -0.06495 0.11093
0.80870 -0.00572 0.05854
0.00000 0.00000 0.00000
0.60874 -0.09509 -0.00818
0.63052 -0.08470 0.04133
0.00000 0.00000 0.00000
0.00000 0.00000 0.00000
0.07979 -0.03464 -0.22034
-0.10591 -0.01687 -0.87411
-0.03875 0.00118 -0.11049
-0.01375 0.06504 -0.08143
0.28611 0.07134 0.09697
0.16759 -0.06449 -0.00937
-0.03285 -0.07407 0.17814
0.17874 -0.08741 0.28526
0.04145 -0.07120 0.07037
0.13764 0.00289 0.11068
0.51442 -0.06771 0.07491
-0.08991 0.00343 0.03676
-0.15943 0.01081 0.07786
0.38002 -0.09466 -0.01887
-0.02595 -0.08765 0.05430
0.22444 -0.07831 -0.34104
0.00000 0.00000 0.00000
0.13090 0.11902 -0.04033
0.20014 -0.09160 -0.35612
0.53276 0.00808 -0.05142
-0.18675 -0.01007 0.08106
0.00000 0.00000 0.00000
0.09619 0.08141 -0.08957
0.00000 0.00000 0.00000
0.00000 0.00000 0.00000
0.54821 -0.01389 -0.07880
0.00000 0.00000 0.00000
0.21917 -0.04793 -0.09195
0.00000 0.00000 0.00000
0.00000 0.00000 0.00000
-0.03258 -0.08765 0.13855
0.00000 0.00000 0.00000
-0.10388 -0.04833 -0.08857
0.00000 0.00000 0.00000
0.00000 0.00000 0.00000
0.56353 -0.01389 0.06466
0.00000 0.00000 0.00000
0.00000 0.00000 0.00000
0.52754 -0.05780 0.08436
0.00866 -0.05055 0.39487
0.13734 0.11823 0.04223
0.71773 0.01403 0.02610
0.00000 0.00000 0.00000
-0.14763 -0.02328 -0.91093
0.00000 0.00000 0.00000
0.00000 0.00000 0.00000
-0.06629 -0.02258 0.64873
0.00554 -0.05418 0.33889
0.33854 0.12743 -0.00063
-0.06740 -0.03508 0.68558
-0.10361 0.00343 -0.05020
0.25239 -0.00731 -0.10489
0.62319 -0.02452 -0.09937
0.00000 0.00000 0.00000
-0.06543 -0.01941 0.73861
0.00000 0.00000 0.00000
-0.12644 -0.18332 -0.16595
0.04267 -0.04828 0.41157
0.68340 -0.02166 0.08961
-0.03185 -0.02753 -0.77689
0.00000 0.00000 0.00000
0.57213 0.12697 -0.00407
0.02486 -0.06124 0.21237
-0.06675 0.00941 -0.11157
0.10087 0.00616 0.09234
0.28021 0.08755 -0.05399
-0.02132 -0.03421 0.67294
0.00000 0.00000 0.00000
0.00000 0.00000 0.00000
0.65244 -0.03978 0.08809
-0.09078 0.00808 -0.04555
0.07430 -0.05848 -0.23081
0.05457 0.04989 -0.10616
-0.04879 -0.06286 -0.21593
0.02627 -0.04014 -0.55104
0.30069 -0.08868 -0.04024
0.00000 0.00000 0.00000
-0.08991 0.00343 0.03676
0.79387 -0.00531 0.04842
-0.03913 -0.02452 -0.54942
0.18564 0.01861 -0.11189
0.05728 0.12624 -0.00959
0.32710 0.00343 0.07416
0.07389 -0.03848 0.09829
-0.11773 -0.02899 0.71480
0.64657 0.09829 -0.06008
0.09619 -0.06373 0.12870
0.33560 0.10232 0.06937
0.23221 -0.12834 0.33781
0.00000 0.00000 0.00000
0.00000 0.00000 0.00000
-0.12872 0.03573 0.08882
0.10241 -0.01549 0.10782
0.00000 0.00000 0.00000
0.25921 0.00808 -0.09412
0.00000 0.00000 0.00000
0.00000 0.00000 0.00000
0.53550 -0.01335 0.10855
0.01564 -0.06819 0.03151
0.00000 0.00000 0.00000
0.00000 0.00000 0.00000
-0.01786 -0.04135 -0.55724
0.13042 -0.12526 0.26399
0.01453 -0.09433 -0.02138
0.00000 0.00000 0.00000
0.00000 0.00000 0.00000
-0.11987 -0.07591 -0.08446
0.12855 -0.06341 0.11969
0.00000 0.00000 0.00000
0.00000 0.00000 0.00000
0.69752 0.03852 -0.05594
-0.06881 -0.06879 0.10876
0.19903 -0.13392 -0.27059
0.00000 0.00000 0.00000
0.18545 0.09342 0.08033
0.08593 -0.03897 0.24835
0.27371 0.00805 -0.03748
-0.14095 -0.02774 0.83781
0.12977 -0.15857 0.33277
0.00000 0.00000 0.00000
0.16781 0.01531 -0.04227
-0.13053 -0.04298 -0.57561
-0.06543 -0.01941 0.73861
0.27131 -0.01389 0.05516
-0.06862 -0.03383 -0.70635
-0.10542 -0.02837 0.81446
0.59722 0.01609 0.04426
0.10993 0.10224 -0.01026
0.38154 0.04039 -0.05285
0.00000 0.00000 0.00000
0.19200 0.10181 -0.01227
-0.04749 -0.06974 0.02415
-0.12214 -0.04712 0.52456
-0.08480 -0.04714 -0.01716
0.00000 0.00000 0.00000
0.06215 0.08920 -0.05521
0.53696 0.05519 -0.09425
0.06675 -0.01389 -0.01005
0.00000 0.00000 0.00000
0.04570 0.11255 -0.05591
0.00000 0.00000 0.00000
-0.05693 -0.04806 -0.47263
0.58715 0.09315 -0.07509
-0.03185 -0.02753 -0.77689
0.00000 0.00000 0.00000
0.06607 -0.13137 -0.27746
-0.12888 -0.17989 0.14900
0.70748 0.06774 0.07318
0.31032 0.10119 0.01314
-0.04259 -0.05962 0.27666
0.00554 -0.02636 0.45332
0.05049 0.09456 0.07913
-0.08480 -0.02174 -0.06176
0.00000 0.00000 0.00000
0.04784 0.04851 0.10295
-0.07687 -0.01389 0.03040
0.00000 0.00000 0.00000
0.00000 0.00000 0.00000
0.00000 0.00000 0.00000
0.22431 -0.01389 -0.01803
0.21043 -0.08427 -0.35024
0.19644 -0.14350 -0.35349
0.00000 0.00000 0.00000
0.00000 0.00000 0.00000
0.07116 0.12275 -0.03134
-0.02841 -0.02947 -0.10204
0.00000 0.00000 0.00000
0.37927 0.12735 0.00121
-0.03258 -0.08765 0.13855
0.52237 0.02077 -0.10234
-0.09879 -0.07948 -0.17832
-0.02525 -0.02536 -0.51051
0.00000 0.00000 0.00000
0.20193 -0.06376 -0.29296
0.35056 0.00751 0.03151
0.28741 -0.01389 -0.10694
0.71327 0.00716 0.00700
-0.11156 -0.00334 -0.06056
0.55103 -0.01389 0.01246
0.00000 0.00000 0.00000
0.13077 -0.16330 0.32184
0.03079 0.11848 0.04161
0.03350 -0.06124 -0.20822
0.00000 0.00000 0.00000
0.18545 0.09342 0.08033
0.49009 0.00151 0.06512
0.00000 0.00000 0.00000
0.36479 0.02031 -0.11165
-0.03215 -0.06865 -0.09330
0.76037 0.04851 -0.04070
0.73811 -0.03091 -0.07577
0.00000 0.00000 0.00000
0.13169 -0.06289 0.07930
0.00000 0.00000 0.00000
0.29487 0.09201 0.06720
0.15488 -0.09382 -0.02523
0.04464 -0.06749 0.00113
-0.07852 -0.01484 0.10809
0.03212 -0.04392 -0.48745
0.00000 0.00000 0.00000
0.07584 0.06517 -0.08126
-0.08480 -0.06825 0.04139
0.00000 0.00000 0.00000
0.00000 0.00000 0.00000
0.28021 0.08755 -0.05399
0.15517 -0.05683 0.10330
0.02505 0.02488 -0.03491
0.83627 0.01863 -0.01638
0.00000 0.00000 0.00000
0.76165 -0.07564 -0.00583
0.12022 -0.04547 -0.29773
-0.08166 -0.05128 -0.08938
0.03220 0.08663 0.08555
0.00000 0.00000 0.00000
0.00000 0.00000 0.00000
-0.06935 -0.01389 0.03830
0.02007 0.02689 0.05375
-0.03285 -0.07407 0.17814
0.44981 0.08947 0.08336
0.02370 -0.06251 -0.18790
-0.11730 -0.05042 -0.41031
0.17165 -0.16587 -0.31872
0.00000 0.00000 0.00000
0.46293 -0.05588 0.08582
-0.09381 -0.08765 -0.07626
0.00000 0.00000 0.00000
0.00000 0.00000 0.00000
-0.07649 -0.04214 0.29744
-0.05263 -0.02055 -0.78660
0.00000 0.00000 0.00000
0.72777 -0.00212 0.04591
0.00000 0.00000 0.00000
0.00000 0.00000 0.00000
-0.02289 -0.05623 -0.08559
0.00000 0.00000 0.00000
0.54389 0.06896 -0.07631
-0.00417 -0.03307 0.26020
0.55593 0.09921 0.07343
0.39147 -0.08557 0.04777
0.30662 -0.00207 -0.11005
-0.05901 -0.03332 -0.70248
-0.06064 -0.03361 0.38500
0.00000 0.00000 0.00000
0.00000 0.00000 0.00000
0.59962 0.08281 -0.08789
0.01364 -0.03686 -0.61049
0.00000 0.00000 0.00000
-0.06678 -0.08199 -0.15919
0.00000 0.00000 0.00000
0.13561 0.05749 -0.09128
0.00000 0.00000 0.00000
0.57435 0.10354 0.03124
0.60874 -0.09509 -0.00818
0.29720 -0.01389 0.07849
0.72958 0.07827 0.05559
0.00000 0.00000 0.00000
0.54002 0.00094 0.03094
0.00000 0.00000 0.00000
0.72409 -0.08313 -0.02322
-0.09625 -0.06744 -0.14858
0.00000 0.00000 0.00000
0.25494 0.00808 0.05554
0.16386 -0.06259 -0.11352
-0.11827 -0.07076 -0.09352
0.00000 0.00000 0.00000
-0.10150 -0.04971 0.33031
-0.09035 -0.01670 0.94030
0.00000 0.00000 0.00000
0.36479 0.02031 -0.11165
0.70085 -0.00115 -0.03792
0.09070 0.12565 0.01411
-0.08302 -0.06892 0.07343
0.00000 0.00000 0.00000
0.37810 -0.01389 -0.02948
0.00000 0.00000 0.00000
0.21237 -0.01389 0.03349
0.68946 0.06439 0.07989
0.04665 -0.03345 0.10037
-0.04597 -0.03029 0.42447
-0.01754 -0.01389 0.03376
0.38958 0.07142 -0.09412
0.70239 -0.08632 -0.01476
0.66286 -0.20140 -0.00848
0.55944 -0.09614 0.00757
0.00000 0.00000 0.00000
0.47083 -0.00518 -0.10031
0.08152 -0.01389 -0.08327
0.00000 0.00000 0.00000
-0.06440 -0.04341 -0.55128
-0.12284 0.03021 -0.08968
0.13169 -0.06289 0.07930
-0.02362 -0.07182 -0.06955
0.00000 0.00000 0.00000
0.00000 0.00000 0.00000
-0.02341 0.09050 0.04821
0.00000 0.00000 0.00000
0.00000 0.00000 0.00000
0.44613 0.03925 0.03692
0.00000 0.00000 0.00000
0.00000 0.00000 0.00000
-0.11078 -0.02734 -0.70386
-0.13448 -0.04238 -0.60432
-0.02354 -0.09936 -0.01459
0.00000 0.00000 0.00000
-0.11971 -0.04465 -0.50442
0.45297 0.00973 0.11160
0.26906 -0.01389 -0.01679
0.00000 0.00000 0.00000
0.00000 0.00000 0.00000
0.68805 -0.19945 0.01912
-0.05866 -0.02239 -0.85915
-0.03759 -0.08765 0.11601
0.00000 0.00000 0.00000
-0.09966 -0.02260 0.90320
-0.12904 0.03703 -0.07577
0.14116 0.12722 -0.00215
-0.07168 -0.05659 -0.34502
-0.02376 -0.03708 -0.21696
0.00000 0.00000 0.00000
-0.10166 -0.05813 -0.16301
0.07727 -0.04733 0.07843
0.00000 0.00000 0.00000
0.09043 -0.01389 -0.08578
0.00000 0.00000 0.00000
0.23927 -0.12077 0.34373
-0.01846 -0.03364 -0.28211
0.10590 -0.09060 -0.26980
0.20106 0.08300 0.08833
0.00000 0.00000 0.00000
-0.03539 -0.06892 0.05898
0.20014 -0.09160 -0.35612
-0.02289 -0.05623 -0.08559
0.00000 0.00000 0.00000
0.78391 0.04299 -0.00393
0.13361 -0.01917 -0.10632
-0.02841 -0.02947 -0.10204
-0.02695 -0.03142 -0.35273
0.00000 0.00000 0.00000
0.67782 0.10319 0.04177
0.06280 -0.03426 -0.14691
-0.10323 0.05665 0.09145
-0.09657 -0.00044 -0.02179
0.07430 -0.05848 -0.23081
-0.12025 -0.02563 0.77552
0.06180 0.09707 -0.03965
0.32309 -0.07707 -0.06273
0.69514 0.07321 0.04485
0.00000 0.00000 0.00000
-0.10150 -0.04971 0.33031
-0.09852 -0.05312 -0.25324
-0.07598 -0.07044 -0.02041
0.35973 -0.01389 0.04382
-0.02841 -0.02947 -0.10204
0.08607 -0.01389 0.01717
0.24695 -0.08378 0.05208
0.50038 0.08685 -0.05302
0.33070 0.00343 -0.04487
0.18488 -0.01389 -0.07009
0.00000 0.00000 0.00000
0.71973 0.08566 -0.05410
-0.03772 0.07305 0.07692
0.03774 -0.03215 0.23653
0.38170 0.03979 -0.07106
0.00000 0.00000 0.00000
0.45535 -0.01389 0.05197
0.00554 -0.02636 0.45332
-0.00238 -0.03364 0.67127
0.07311 -0.04706 0.41368
0.08867 -0.10264 -0.26796
0.12855 -0.06341 0.11969
-0.04562 -0.04533 -0.50980
0.00000 0.00000 0.00000
0.49142 -0.08237 -0.05548
0.32309 -0.07707 -0.06273
0.16232 -0.06938 0.07272
0.30342 0.09285 0.07113
0.00000 0.00000 0.00000
0.21186 -0.11882 -0.26282
0.00000 0.00000 0.00000
0.00000 0.00000 0.00000
0.00000 0.00000 0.00000
0.24566 -0.00975 -0.07104
0.00000 0.00000 0.00000
0.00000 0.00000 0.00000
0.25626 0.04796 -0.10367
-0.07471 -0.06993 -0.08876
0.02849 -0.05228 0.35610
-0.11930 -0.08765 -0.15638
0.54086 -0.01389 -0.05780
-0.07652 -0.04244 -0.70976
0.00000 0.00000 0.00000
-0.05455 -0.08765 0.06190
0.00000 0.00000 0.00000
0.74257 0.08631 -0.02325
-0.05406 -0.08765 -0.04295
-0.02857 0.09247 -0.08107
0.05457 0.04989 -0.10616
-0.04135 -0.06960 0.04474
0.10817 -0.14277 0.32904
0.38170 0.03979 -0.07106
0.00000 0.00000 0.00000
0.00000 0.00000 0.00000
-0.02341 0.09050 0.04821
-0.04597 -0.06622 0.14800
-0.02914 0.07137 0.09645
0.00000 0.00000 0.00000
0.26779 0.09594 0.07767
0.10774 -0.06251 -0.14728
0.09619 0.08141 -0.08957
0.00000 0.00000 0.00000
0.00000 0.00000 0.00000
0.23962 -0.09458 -0.01936
-0.06299 0.05624 -0.09290
0.01418 0.10465 -0.06633
-0.04597 -0.06622 0.14800
0.00000 0.00000 0.00000
0.16746 -0.08432 0.02101
0.00000 0.00000 0.00000
0.00000 0.00000 0.00000
0.00000 0.00000 0.00000
0.08661 -0.04590 -0.29307
0.27371 0.00432 -0.10026
-0.08480 -0.04714 -0.01716
-0.07119 -0.10018 0.06390
0.23164 0.04612 -0.04709
0.00000 0.00000 0.00000
0.23221 -0.12834 0.33781
0.15658 -0.05629 0.08682
0.47005 0.07232 0.07210
0.11516 -0.14336 0.27479
0.07920 -0.03486 -0.11398
0.00000 0.00000 0.00000
0.00000 0.00000 0.00000
0.14649 -0.05226 0.08860
0.72769 0.06918 0.06563
0.02992 -0.07731 0.06236
-0.06591 0.06937 0.07575
0.22926 -0.01389 0.01062
-0.14303 -0.01099 0.10224
0.36628 0.05311 -0.09698
0.63899 0.07321 -0.01462
-0.08745 -0.02896 0.56195
-0.15044 -0.02485 -0.87487
0.51358 -0.01335 -0.10856
0.13126 0.04637 0.10760
-0.05179 -0.09501 0.01612
0.28724 -0.07347 -0.06741
0.06147 -0.11665 0.26911
0.39209 -0.00420 0.06512
0.50038 0.08685 -0.05302
-0.11042 -0.01292 0.05018
0.58715 0.09315 -0.07509
-0.04597 -0.06622 0.14800
0.07654 -0.04365 0.29305
0.00000 0.00000 0.00000
-0.08678 -0.05136 0.21058
0.12855 -0.06341 0.11969
0.08152 -0.01389 -0.08327
-0.09332 -0.03291 -0.54016
0.18488 -0.01389 -0.07009
-0.13748 -0.03824 0.65749
0.15734 -0.06419 0.09034
0.24344 0.07161 0.08733
0.00000 0.00000 0.00000
0.00000 0.00000 0.00000
0.06166 -0.01389 0.05419
0.50165 -0.07555 -0.06470
0.00000 0.00000 0.00000
0.22360 -0.01389 0.06934
0.66343 0.03568 0.02643
0.00000 0.00000 0.00000
0.00000 0.00000 0.00000
-0.08694 -0.01708 -0.83282
0.67609 0.08390 0.06888
0.00000 0.00000 0.00000
-0.03626 -0.03324 0.33432
0.70807 -0.08473 0.02275
0.00000 0.00000 0.00000
-0.17006 -0.02455 -0.09320
0.45108 0.05814 -0.10275
0.00000 0.00000 0.00000
-0.17006 -0.02455 -0.09320
0.73767 -0.00531 -0.04890
0.00000 0.00000 0.00000
0.19977 0.00808 0.09412
0.00000 0.00000 0.00000
0.00000 0.00000 0.00000
-0.05528 -0.02796 -0.50020
0.00000 0.00000 0.00000
0.00000 0.00000 0.00000
0.00000 0.00000 0.00000
0.67609 0.08390 0.06888
0.00000 0.00000 0.00000
-0.05780 -0.05204 0.07851
0.60655 0.07099 -0.09528
0.21749 -0.01389 -0.07282
0.12287 -0.16192 -0.32416
0.36977 0.09099 0.04759
0.06215 0.08920 -0.05521
0.00000 0.00000 0.00000
0.50898 0.04780 0.10387
0.52500 -0.09449 -0.02006
-0.11846 -0.19128 -0.13681
0.00000 0.00000 0.00000
0.00000 0.00000 0.00000
0.00000 0.00000 0.00000
0.76213 -0.01389 -0.05253
0.20761 -0.12158 0.33875
0.33492 0.00343 0.04529
-0.11987 -0.08695 -0.05456
0.10017 0.09329 -0.07320
-0.01548 -0.06890 0.08076
0.09053 -0.11260 -0.33709
0.00000 0.00000 0.00000
-0.13221 -0.20118 -0.14918
-0.12117 -0.07953 0.04894
0.60937 0.10822 0.05811
0.04665 -0.03345 0.10037
-0.00582 -0.03865 0.13774
0.14500 -0.11652 0.36278
0.07243 -0.01389 0.00308
0.74647 0.06758 0.03979
-0.10664 -0.03881 0.51779
0.33879 0.00808 0.03882
0.06724 -0.14217 -0.29359
0.27131 -0.01389 0.05516
-0.04080 -0.06779 0.11472
0.55271 0.00221 -0.06614
0.07116 0.12275 -0.03134
0.00568 -0.03140 -0.28761
0.51442 -0.06771 0.07491
-0.08329 -0.02896 -0.79264
0.14882 -0.06492 -0.07853
-0.14495 -0.02866 0.80907
0.39209 -0.00420 0.06512
-0.12214 -0.04712 0.52456
0.25648 0.11677 0.04572
0.00000 0.00000 0.00000
-0.09630 -0.03773 -0.48735
0.04830 -0.00236 0.02637
0.00000 0.00000 0.00000
0.00000 0.00000 0.00000
0.02627 -0.04014 -0.55104
0.03355 0.08060 -0.09017
0.64062 -0.08627 -0.03502
0.52283 0.03665 -0.07250
-0.15634 -0.00805 0.10151
0.00000 0.00000 0.00000
0.09383 -0.08511 -0.29805
0.00000 0.00000 0.00000
0.12116 -0.07647 0.07348
0.18545 0.09342 0.08033
-0.11670 -0.03453 0.72116
0.03141 -0.03521 0.51582
0.03888 -0.01389 -0.09717
-0.10945 -0.01649 0.89111
0.00000 0.00000 0.00000
0.03596 -0.06251 0.18168
0.51989 0.03073 0.07803
0.00000 0.00000 0.00000
-0.00379 -0.02993 0.64608
0.00000 0.00000 0.00000
0.26235 0.06412 0.10035
0.08439 -0.04314 0.30425
0.10160 -0.14263 -0.27026
0.00000 0.00000 0.00000
0.02863 0.02318 -0.11127
-0.10518 -0.06892 -0.10781
0.16960 -0.16790 0.30247
0.00000 0.00000 0.00000
0.65244 -0.03978 0.08809
0.00000 0.00000 0.00000
-0.06445 -0.05042 -0.58359
-0.05371 -0.13116 -0.16612
-0.04562 -0.04533 -0.50980
0.05658 -0.01389 0.09118
0.25921 0.00808 -0.09412
-0.01496 -0.03843 0.16488
-0.10945 -0.01649 0.89111
-0.05929 -0.13116 -0.15740
-0.05371 -0.13116 -0.16612
-0.10466 -0.07114 0.00700
0.00000 0.00000 0.00000
0.00000 0.00000 0.00000
0.13361 -0.01917 -0.10632
0.16210 -0.06311 0.10641
0.46106 -0.09552 -0.01232
0.50898 0.04780 0.10387
0.69549 -0.00699 -0.05594
0.00000 0.00000 0.00000
0.25494 0.00808 0.05554
0.25485 0.00267 -0.03221
0.51989 0.03073 0.07803
0.16535 -0.08440 0.29876
0.59722 -0.07558 0.02415
-0.17661 -0.02780 0.09101
0.46363 0.00708 -0.11127
0.40286 -0.01389 0.06469
0.00000 0.00000 0.00000
0.58353 0.11049 0.02218
0.16694 -0.13765 -0.32703
-0.03888 -0.05678 0.32317
0.14495 0.02613 -0.11089
0.00000 0.00000 0.00000
0.06748 -0.06692 0.00630
-0.09630 -0.03773 -0.48735
-0.10558 -0.02025 0.80512
0.07276 -0.09744 0.27552
0.00000 0.00000 0.00000
0.18302 -0.16411 -0.27689
0.00000 0.00000 0.00000
0.00000 0.00000 0.00000
0.00000 0.00000 0.00000
-0.09911 0.01517 -0.11078
-0.06935 -0.01389 0.03830
0.46136 0.12530 -0.01679
0.65320 0.07321 0.00400
0.16621 -0.08673 -0.01359
-0.09817 -0.05916 0.11485
-0.07779 -0.02387 -0.64720
0.47927 -0.01389 0.01828
0.22926 -0.01389 0.01062
0.00000 0.00000 0.00000
-0.12393 -0.04541 -0.55218
0.23738 0.11028 -0.05902
0.59722 -0.07279 -0.02230
-0.07119 -0.10018 0.06390
0.42267 0.10059 -0.03297
0.00000 0.00000 0.00000
0.12040 0.10219 -0.01722
0.28446 -0.01389 0.08438
0.00000 0.00000 0.00000
-0.01218 -0.06887 0.06455
0.54821 -0.01389 -0.07880
0.00233 -0.03213 -0.64266
0.17309 -0.09339 0.02856
0.00000 0.00000 0.00000
-0.00533 -0.03729 0.16732
-0.05961 -0.04468 -0.52788
-0.18905 -0.00997 0.09445
0.00000 0.00000 0.00000
0.12625 -0.04587 0.29974
0.00000 0.00000 0.00000
-0.00606 -0.02658 -0.60992
-0.05707 -0.05688 0.33180
-0.23386 -0.05529 -0.05794
0.40148 0.00808 -0.09937
-0.14963 -0.17326 -0.14550
0.46780 -0.01389 0.01836
0.00000 0.00000 0.00000
0.59722 -0.08159 -0.05310
0.35478 0.07026 0.07459
0.60130 -0.01389 0.02237
0.00000 0.00000 0.00000
0.04968 -0.08973 0.06720
0.21494 0.06185 -0.10121
0.00000 0.00000 0.00000
0.00000 0.00000 0.00000
-0.08480 -0.04714 -0.01716
0.16175 0.02718 -0.03221
0.24124 0.00446 -0.05651
0.00000 0.00000 0.00000
0.00000 0.00000 0.00000
-0.00214 -0.06562 0.13882
-0.04749 -0.06974 0.02415
-0.11987 -0.08695 -0.05456
0.00000 0.00000 0.00000
0.24603 -0.07507 0.27560
-0.11048 -0.02623 -0.72575
0.00000 0.00000 0.00000
0.11015 -0.06330 -0.13081
-0.13892 -0.01827 0.94268
0.00000 0.00000 0.00000
0.75721 0.04442 0.02624
0.41988 0.00808 -0.03867
0.02627 -0.04014 -0.55104
0.30250 0.06617 0.07992
-0.09357 -0.01178 -0.02639
-0.08480 -0.02985 0.01414
0.48812 0.00343 -0.09739
0.29996 0.10811 -0.06184
0.26235 0.06412 0.10035
0.14162 -0.10710 0.03200
0.00000 0.00000 0.00000
0.00000 0.00000 0.00000
0.10514 0.08815 0.05129
-0.11827 -0.07076 -0.09352
0.00000 0.00000 0.00000
0.00000 0.00000 0.00000
0.00000 0.00000 0.00000
0.16581 0.06071 -0.08705
0.00000 0.00000 0.00000
0.00000 0.00000 0.00000
0.00000 0.00000 0.00000
0.54389 0.06896 -0.07631
0.51913 0.03362 0.03798
0.15788 -0.10291 0.02670
-0.05780 -0.05204 0.07851
-0.12918 -0.10973 0.15446
-0.05961 -0.04468 -0.52788
0.00000 0.00000 0.00000
0.00000 0.00000 0.00000
0.00000 0.00000 0.00000
0.15788 -0.10291 0.02670
0.22850 -0.01389 0.08133
0.14652 -0.05331 0.10254
0.00000 0.00000 0.00000
0.00000 0.00000 0.00000
-0.02362 -0.07182 -0.06955
0.00411 0.06853 0.07686
-0.02303 -0.04146 0.11553
0.05674 -0.04909 -0.39083
0.09256 -0.10567 0.05816
0.01742 0.11553 0.04872
0.00000 0.00000 0.00000
0.15425 0.07226 0.08065
0.00000 0.00000 0.00000
-0.12117 -0.07953 0.04894
-0.04784 -0.02230 -0.62935
0.00000 0.00000 0.00000
-0.10398 0.03630 -0.10770
0.63236 0.05432 0.02643
0.00000 0.00000 0.00000
0.03152 -0.02899 -0.42249
0.02340 0.10533 -0.06546
-0.05693 -0.04806 -0.47263
-0.02362 -0.07182 -0.06955
0.00000 0.00000 0.00000
-0.12969 -0.02601 -0.81350
0.03547 -0.06297 0.17302
0.67909 0.04542 0.02870
0.06315 -0.04701 -0.42024
0.00000 0.00000 0.00000
0.00000 0.00000 0.00000
0.46609 -0.07564 0.06455
0.00000 0.00000 0.00000
0.00000 0.00000 0.00000
0.38614 -0.09690 0.00167
0.21246 -0.08470 -0.28926
0.13288 -0.05805 0.29884
-0.04508 -0.03651 -0.65018
-0.07143 -0.13248 -0.17034
0.21246 -0.08470 -0.28926
0.10698 0.10224 0.03232
0.15428 0.11277 0.05540
0.00000 0.00000 0.00000
0.00000 0.00000 0.00000
0.09619 0.08141 -0.08957
-0.01131 -0.03505 0.65408
0.53423 0.11902 0.04033
0.00000 0.00000 0.00000
-0.10737 -0.01397 -0.95155
0.30323 0.09721 0.03947
0.59722 -0.05615 -0.02782
0.00571 -0.02528 -0.48878
0.59722 -0.07279 -0.02230
0.00000 0.00000 0.00000
-0.09381 -0.04471 -0.54725
0.62122 0.12237 -0.00826
0.16781 0.01531 -0.04227
0.09914 -0.07269 -0.31818
0.20683 -0.01884 -0.10645
-0.24098 -0.07150 0.02277
-0.03818 -0.04043 0.17595
0.00000 0.00000 0.00000
-0.05793 -0.04314 0.58357
0.23624 -0.12277 -0.30325
0.67079 0.04918 -0.04382
-0.08480 -0.04860 -0.03042
-0.00855 -0.04024 0.10841
0.24890 -0.13698 -0.26290
0.10774 -0.06251 -0.14728
0.49093 0.00757 -0.06254
0.63502 0.01390 -0.10499
-0.03823 -0.05258 -0.41938
0.35302 0.10094 -0.00967
0.00000 0.00000 0.00000
-0.07963 -0.19975 0.17451
0.11970 -0.12042 -0.26106
-0.14495 -0.02866 0.80907
0.39052 0.10944 -0.06010
-0.06740 -0.03508 0.68558
-0.11034 -0.09228 -0.00875
0.25017 0.08901 -0.05017
-0.03715 -0.07225 -0.07791
-0.11183 -0.03591 -0.58611
0.09156 -0.10886 -0.01665
-0.01367 -0.02918 0.69337
0.11310 -0.12902 -0.26269
-0.01875 -0.01043 -0.10897
0.29563 0.12156 -0.03418
0.00000 0.00000 0.00000
-0.06924 -0.19188 0.17668
0.46363 0.00708 -0.11127
0.02927 -0.00983 0.02921
0.00000 0.00000 0.00000
0.00000 0.00000 0.00000
0.39507 0.08955 0.04948
0.24124 0.00575 -0.08551
0.11811 -0.04541 -0.09387
0.01742 0.11553 0.04872
-0.07687 -0.01389 0.03040
-0.09189 -0.07082 0.01842
0.21186 -0.11882 -0.26282
0.10514 0.08815 0.05129
0.00000 0.00000 0.00000
0.16521 -0.04777 0.09207
0.47237 0.06125 -0.08638
-0.04013 -0.05702 -0.31997
0.39507 0.08955 0.04948
0.25680 0.00808 -0.07515
-0.03759 -0.08765 0.11601
-0.12317 0.03143 -0.03510
0.00000 0.00000 0.00000
0.04245 0.01993 0.11169
0.12503 -0.06552 -0.02363
0.24211 -0.13043 -0.35444
0.00000 0.00000 0.00000
0.00000 0.00000 0.00000
0.43392 0.01869 0.11185
0.11121 -0.04952 0.25542
0.52070 -0.01389 0.06439
-0.09408 -0.08765 0.12841
-0.14763 -0.02523 0.88034
0.55790 0.08685 0.05657
0.10425 -0.04541 0.23553
-0.08480 -0.05588 -0.05813
0.70807 -0.08473 0.02275
0.05457 0.04989 -0.10616
0.00000 0.00000 0.00000
0.00000 0.00000 0.00000
0.14809 -0.14501 -0.28742
0.45844 0.07029 0.09770
0.06618 -0.12128 -0.33266
0.14806 -0.03048 -0.10164
-0.09676 -0.02358 0.88621
0.00000 0.00000 0.00000
-0.03520 0.09434 0.07821
0.72401 0.00475 -0.03034
-0.04059 -0.08765 0.07359
0.73029 0.04772 0.05592
0.13090 0.11902 -0.04033
0.00000 0.00000 0.00000
0.20193 -0.08860 0.24857
-0.07106 -0.06094 0.26470
0.23697 -0.11549 0.31002
0.12549 -0.15418 0.33957
-0.01713 0.09183 0.08157
0.68064 -0.08105 0.03752
0.04061 -0.03426 -0.16512
0.00000 0.00000 0.00000
0.10182 -0.03697 -0.07796
0.00000 0.00000 0.00000
0.25469 -0.06573 0.07746
-0.09644 -0.05188 0.26332
0.09651 -0.09568 0.01103
-0.07041 -0.10800 0.03205
0.00000 0.00000 0.00000
0.00000 0.00000 0.00000
0.08986 -0.10231 -0.33331
0.00000 0.00000 0.00000
0.23221 -0.14931 -0.31564
0.00000 0.00000 0.00000
0.54086 -0.01389 -0.05780
0.00000 0.00000 0.00000
0.04459 0.12513 0.01798
0.00000 0.00000 0.00000
-0.11389 -0.02317 0.78775
-0.09895 -0.08765 0.04713
0.00000 0.00000 0.00000
-0.12725 -0.01814 0.98432
0.00000 0.00000 0.00000
0.00749 -0.02579 -0.46987
-0.11903 -0.06706 -0.08329
0.15558 -0.14490 0.31397
0.10160 -0.14263 -0.27026
-0.11987 -0.08218 0.17124
-0.12904 0.03703 -0.07577
0.00000 0.00000 0.00000
0.00000 0.00000 0.00000
0.19603 0.00808 0.07383
0.00000 0.00000 0.00000
0.00000 0.00000 0.00000
0.35478 0.07026 0.07459
0.29230 0.08831 -0.05642
0.00000 0.00000 0.00000
0.52789 -0.04008 -0.09766
0.26381 0.00808 -0.04955
0.23237 0.07196 -0.09679
-0.05550 -0.00347 0.10985
-0.14711 -0.06565 -0.06373
0.02486 -0.06124 0.21237
0.13093 -0.10746 0.00878
0.00000 0.00000 0.00000
0.23927 -0.12077 0.34373
0.00000 0.00000 0.00000
0.00000 0.00000 0.00000
-0.07065 -0.04433 -0.22830
-0.06440 -0.04341 -0.55128
0.00000 0.00000 0.00000
0.61223 -0.01405 -0.03332
0.47245 0.00343 -0.08237
-0.08207 -0.05172 0.16959
-0.01846 -0.03364 -0.28211
0.00000 0.00000 0.00000
-0.11440 -0.06527 -0.20016
0.31238 0.03076 0.05151
-0.11846 -0.19128 -0.13681
-0.03978 -0.04390 0.10127
0.00000 0.00000 0.00000
0.00000 0.00000 0.00000
0.05736 -0.00104 0.06512
0.00000 0.00000 0.00000
0.48225 0.05887 0.08944
-0.08312 -0.04506 0.53538
0.20012 -0.14829 0.34939
0.04391 -0.06752 0.05925
0.29022 -0.01389 0.01154
0.03141 -0.03521 0.51582
-0.02192 -0.02985 -0.74307
-0.04578 -0.03205 0.72178
0.56799 0.12381 -0.02812
-0.06278 0.09215 -0.06784
0.51442 -0.06771 0.07491
0.33070 0.00343 -0.04487
0.29720 -0.01389 0.07849
-0.12263 -0.07826 -0.03784
-0.06302 -0.08765 -0.01524
0.00000 0.00000 0.00000
0.46655 -0.09217 0.03181
-0.10385 -0.05740 -0.35030
0.20247 -0.01389 0.02367
-0.05025 -0.06982 0.06455
0.21917 -0.04793 -0.09195
0.16621 -0.08673 -0.01359
-0.07860 -0.04173 -0.31677
0.54821 -0.01389 -0.07880
0.09651 -0.09568 0.01103
0.20696 -0.09577 0.24411
0.73272 0.02840 0.08271
0.00649 -0.02780 -0.40525
0.69103 0.04815 0.05018
0.11121 -0.04952 0.25542
-0.11797 0.01087 -0.09111
0.54345 -0.05172 -0.08903
0.25680 0.00808 -0.07515
0.66933 -0.13830 0.00551
0.14416 -0.09314 -0.02950
0.33992 0.07183 -0.08094
0.16464 -0.09195 0.32558
0.00000 0.00000 0.00000
0.39247 -0.01389 -0.03694
0.72401 0.00475 -0.03034
-0.14095 -0.02774 0.83781
0.60655 0.07099 -0.09528
0.00000 0.00000 0.00000
0.68285 0.02085 0.01901
0.00000 0.00000 0.00000
0.00000 0.00000 0.00000
0.30342 0.09285 0.07113
-0.12025 -0.02563 0.77552
-0.02132 -0.03421 0.67294
-0.13226 -0.02144 -0.93423
0.00000 0.00000 0.00000
0.15734 -0.06419 0.09034
0.00000 0.00000 0.00000
0.07887 -0.03573 -0.24174
0.16694 -0.13765 -0.32703
-0.00606 -0.02658 -0.60992
-0.10764 -0.03088 -0.63522
0.50324 -0.00975 0.10903
0.02638 0.00592 0.06414
0.03501 -0.02858 -0.35598
0.00000 0.00000 0.00000
0.73029 0.04772 0.05592
0.61223 -0.01405 -0.03332
0.20106 0.08300 0.08833
0.25648 0.11677 0.04572
0.14319 -0.12780 0.36089
0.00000 0.00000 0.00000
0.00554 -0.05418 0.33889
0.09043 -0.01389 -0.08578
0.00000 0.00000 0.00000
-0.03539 -0.06892 0.05898
-0.10347 -0.05001 -0.46808
0.12904 -0.10602 -0.33880
0.03455 -0.02845 -0.38390
0.00000 0.00000 0.00000
0.16078 0.04320 -0.04517
-0.12103 -0.06121 -0.22886
0.09521 -0.01389 -0.00410
0.20066 -0.16723 -0.29656
-0.08480 -0.03407 0.02927
0.00000 0.00000 0.00000
0.00000 0.00000 0.00000
0.00000 0.00000 0.00000
0.00000 0.00000 0.00000
0.47005 0.07232 0.07210
0.21938 -0.12353 -0.36080
-0.04262 0.11369 0.05319
-0.06881 -0.06879 0.10876
0.10436 -0.06387 0.12232
0.02118 -0.04942 -0.40617
0.02265 -0.05191 -0.36532
0.00000 0.00000 0.00000
0.01872 -0.06811 -0.03399
0.38706 0.01853 0.08157
0.00000 0.00000 0.00000
0.04467 -0.11051 0.04437
0.46485 0.11396 -0.05253
-0.12209 -0.16298 0.16577
0.00000 0.00000 0.00000
0.59722 -0.04095 0.00194
0.00000 0.00000 0.00000
-0.13226 -0.02144 -0.93423
0.30662 -0.00207 -0.11005
0.22872 -0.09149 -0.35276
0.16746 -0.08432 0.02101
0.63236 0.05432 0.02643
0.63502 0.01390 -0.10499
0.06264 -0.05126 0.07862
0.00003 0.07259 0.09632
0.00000 0.00000 0.00000
0.28638 0.09569 0.07800
0.21857 -0.10967 0.33997
-0.11394 -0.17551 -0.14918
-0.12969 -0.02601 -0.81350
0.00000 0.00000 0.00000
-0.11897 0.01287 0.01974
-0.11987 -0.08218 0.17124
0.03888 -0.01389 -0.09717
0.10525 -0.03581 -0.08627
-0.05455 -0.08765 0.06190
0.32309 -0.07707 -0.06273
-0.06957 -0.07095 -0.07066
0.20077 0.12624 0.00968
0.36917 0.11217 0.05651
0.00000 0.00000 0.00000
0.13585 -0.13348 0.26930
0.01742 0.11553 0.04872
0.35056 0.00567 -0.04143
0.59722 -0.02477 -0.07550
0.39209 -0.00420 0.06512
0.00000 0.00000 0.00000
0.50941 0.06791 0.07767
0.00000 0.00000 0.00000
0.71097 0.02597 0.01652
0.00000 0.00000 0.00000
-0.06361 -0.11189 -0.00834
0.14495 0.02613 -0.11089
0.00000 0.00000 0.00000
0.00000 0.00000 0.00000
0.36276 0.08138 -0.08960
-0.01551 -0.11265 0.04723
-0.05455 -0.08765 0.06190
0.00000 0.00000 0.00000
0.00000 0.00000 0.00000
-0.10363 -0.06892 -0.03126
0.08742 -0.10900 0.01601
0.09605 -0.07458 0.28613
-0.00309 -0.05053 -0.40217
0.00000 0.00000 0.00000
-0.07874 -0.02379 -0.87243
0.00000 0.00000 0.00000
0.73029 0.04772 0.05592
-0.12593 -0.02926 0.09686
0.00000 0.00000 0.00000
0.21043 -0.08427 -0.35024
-0.02595 -0.07063 -0.02425
0.00000 0.00000 0.00000
0.25226 -0.00052 0.09412
0.74647 0.06758 0.03979
0.69998 0.03901 0.04320
0.15458 -0.06481 0.00949
-0.08207 -0.05172 0.16959
-0.02127 -0.03889 -0.59853
0.05143 -0.09092 -0.03486
0.16278 0.03536 0.05762
0.20569 -0.05618 -0.08562
-0.04059 -0.08765 0.07359
0.05539 -0.06251 -0.17248
0.63899 0.07321 -0.01462
0.72872 0.05467 -0.07512
-0.06632 -0.13898 0.15711
0.59722 -0.04644 -0.08903
-0.11508 -0.01113 0.08750
0.59722 0.04415 0.03481
0.26906 -0.01389 -0.01679
0.00000 0.00000 0.00000
0.16148 -0.08335 0.05311
0.00000 0.00000 0.00000
0.12977 -0.15857 0.33277
-0.13231 -0.06944 -0.12623
0.00000 0.00000 0.00000
0.28205 0.12521 0.01744
0.14806 -0.03048 -0.10164
0.20929 0.01236 0.11193
0.09692 -0.03621 0.14185
0.52002 -0.09458 0.01953
0.09714 -0.04495 0.27087
0.00000 0.00000 0.00000
-0.03913 -0.02452 -0.54942
-0.06015 -0.06892 0.05595
0.53423 0.11902 0.04033
0.00000 0.00000 0.00000
0.51802 0.03806 -0.08443
0.23029 0.04580 -0.03719
0.10441 0.06758 0.07808
0.00000 0.00000 0.00000
0.08269 -0.01389 0.00105
0.57435 0.10354 0.03124
0.10087 0.00616 0.09234
0.00000 0.00000 0.00000
0.60937 0.01650 -0.03261
0.10983 0.09537 0.07843
0.11461 0.07156 -0.08965
0.67909 0.01777 -0.03727
0.14305 0.07240 0.07941
0.03141 -0.03521 0.51582
0.00000 0.00000 0.00000
0.21857 -0.10967 0.33997
0.00000 0.00000 0.00000
0.00000 0.00000 0.00000
-0.05387 -0.03012 0.44766
-0.07471 -0.06993 -0.08876
0.31882 -0.06143 0.08157
-0.13077 -0.01216 -0.07932
0.29282 0.09337 -0.07366
0.16148 -0.08335 0.05311
0.35859 -0.01389 0.02567
0.31100 0.12535 -0.01641
0.00000 0.00000 0.00000
-0.13007 -0.06917 0.11288
0.67782 0.10319 0.04177
0.04784 0.04851 0.10295
0.00000 0.00000 0.00000
0.16402 -0.09098 -0.04639
0.16762 -0.08400 -0.00315
-0.04175 0.02304 0.11128
0.12855 -0.06341 0.11969
0.10763 -0.09320 0.25122
0.00000 0.00000 0.00000
0.10268 -0.06608 -0.05042
0.00000 0.00000 0.00000
0.01972 -0.09601 0.00860
0.00000 0.00000 0.00000
0.25117 -0.10378 0.25504
0.40860 0.10671 -0.06368
-0.00271 0.09229 0.06853
0.00000 0.00000 0.00000
0.00000 0.00000 0.00000
0.00000 0.00000 0.00000
0.00000 0.00000 0.00000
-0.05680 -0.03218 -0.72591
-0.05707 -0.05688 0.33180
-0.05014 -0.06892 0.04407
0.00000 0.00000 0.00000
0.40973 -0.00193 0.02637
0.05574 -0.03456 0.14277
0.00000 0.00000 0.00000
0.70372 -0.00553 0.02296
0.00000 0.00000 0.00000
0.10804 -0.16279 0.30964
0.00000 0.00000 0.00000
-0.03802 -0.06635 -0.14160
0.09070 0.12565 0.01411
0.67909 0.06187 0.05091
0.02627 -0.04014 -0.55104
0.00000 0.00000 0.00000
-0.10664 -0.03881 0.51779
0.33982 -0.08857 -0.04054
0.20683 -0.01884 -0.10645
0.00000 0.00000 0.00000
0.00000 0.00000 0.00000
0.59722 -0.04195 0.07275
0.74290 -0.01492 -0.08007
0.11970 -0.12042 -0.26106
0.21494 0.06185 -0.10121
0.00000 0.00000 0.00000
0.00000 0.00000 0.00000
0.21186 -0.11882 -0.26282
-0.08553 -0.19399 -0.16693
0.52024 0.02932 -0.04736
0.00000 0.00000 0.00000
-0.14306 -0.19785 0.17440
0.20328 -0.08389 0.05181
0.00000 0.00000 0.00000
0.00000 0.00000 0.00000
-0.12758 0.03122 0.05213
0.54821 -0.01389 -0.07880
0.29996 0.10811 -0.06184
0.00000 0.00000 0.00000
0.00000 0.00000 0.00000
-0.09416 -0.06760 0.14424
-0.01908 0.10492 0.06596
0.59722 0.02564 -0.03884
0.14649 -0.05226 0.08860
0.47229 -0.01389 0.06320
0.46609 -0.07564 0.06455
0.37112 0.12543 -0.01584
0.16278 0.03536 0.05762
0.13396 -0.08843 -0.27984
-0.05230 -0.05983 -0.27724
0.00000 0.00000 0.00000
-0.07119 -0.10018 0.06390
0.00587 -0.03391 0.64792
-0.14070 -0.03651 0.69916
0.25626 0.04796 -0.10367
0.00000 0.00000 0.00000
0.00000 0.00000 0.00000
-0.07168 -0.05659 -0.34502
0.30378 -0.04636 -0.09317
0.18302 -0.16411 -0.27689
0.37656 0.05730 -0.09152
0.00000 0.00000 0.00000
-0.02944 -0.06892 -0.00794
0.27093 0.00808 0.09694
0.00000 0.00000 0.00000
-0.08480 -0.05291 -0.06711
0.37802 0.04561 0.07884
-0.12853 -0.04563 0.70974
0.24124 0.00575 -0.08551
0.00000 0.00000 0.00000
0.16581 0.06071 -0.08705
0.72961 0.01844 -0.01522
0.79780 -0.06354 -0.01917
0.38706 0.01853 0.08157
0.31262 0.01200 0.08741
0.21857 0.10506 0.06582
0.22872 -0.09149 -0.35276
0.00000 0.00000 0.00000
0.00000 0.00000 0.00000
0.39052 0.10944 -0.06010
0.24124 0.00446 -0.05651
-0.02744 -0.08765 -0.03708
0.20212 0.00605 -0.05772
-0.03661 -0.05653 -0.07877
-0.11800 -0.06021 0.23020
0.24739 0.00443 -0.11092
0.09373 0.10029 -0.07201
-0.12341 -0.05531 -0.37327
-0.10902 -0.06216 -0.12366
0.11516 -0.14336 0.27479
-0.10282 -0.09439 -0.00101
0.24896 0.11036 -0.05889
0.37810 -0.01389 -0.02948
0.00000 0.00000 0.00000
0.25567 -0.01389 0.06260
0.27104 -0.07891 0.06028
0.23738 0.11028 -0.05902
0.37155 0.00094 0.11044
0.56770 0.06396 -0.08283
0.00000 0.00000 0.00000
0.22850 -0.01389 0.08133
0.07855 -0.08957 0.03806
0.00000 0.00000 0.00000
0.10804 0.00640 0.02637
-0.02303 -0.04146 0.11553
0.79401 -0.04674 0.05145
0.43760 -0.01324 0.10857
-0.01131 -0.03505 0.65408
0.56656 -0.01389 0.01062
0.48233 -0.01356 0.06512
-0.13994 -0.04238 0.60451
0.19960 -0.04409 -0.09490
-0.09966 -0.02260 0.90320
-0.02100 -0.02355 -0.56714
-0.11194 -0.02182 -0.92043
-0.03171 -0.11322 0.02451
0.00000 0.00000 0.00000
0.41874 0.06323 -0.08381
0.00000 0.00000 0.00000
0.00000 0.00000 0.00000
-0.10201 -0.05366 -0.42276
-0.08981 0.01544 -0.11181
0.67073 0.03168 -0.09574
0.47245 0.00343 -0.08237
0.00000 0.00000 0.00000
0.41466 0.00335 -0.10489
0.00000 0.00000 0.00000
0.02627 -0.04014 -0.55104
-0.07168 -0.05659 -0.34502
0.00000 0.00000 0.00000
0.48901 0.12535 0.01641
-0.03339 -0.02883 -0.42758
0.00000 0.00000 0.00000
0.00000 0.00000 0.00000
-0.09135 -0.06892 -0.06581
0.00000 0.00000 0.00000
-0.00382 -0.03042 0.32706
0.00000 0.00000 0.00000
0.02576 -0.06395 -0.15870
0.00000 0.00000 0.00000
0.19316 0.06290 0.10078
0.04968 -0.08973 0.06720
-0.11389 -0.02317 0.78775
0.14495 0.02613 -0.11089
0.67909 -0.00807 0.02973
0.82669 0.01847 -0.02937
0.79092 0.01008 0.06363
0.17476 -0.16782 -0.29240
0.76294 0.03749 0.05497
0.00000 0.00000 0.00000
-0.09213 -0.08789 0.07053
-0.00482 -0.01389 0.06750
-0.11957 -0.06920 0.12519
0.56799 0.12381 -0.02812
0.29996 0.10811 -0.06184
0.00000 0.00000 0.00000
0.12022 -0.04547 -0.29773
0.44613 0.03925 0.03692
0.00000 0.00000 0.00000
0.14173 -0.05112 -0.09823
-0.12872 0.03573 0.08882
0.10866 -0.05050 0.28510
0.58453 -0.07607 0.06398
0.67463 -0.03475 -0.08613
-0.02376 -0.03708 -0.21696
-0.13240 -0.07269 0.06130
0.40819 0.00808 0.05494
0.26289 -0.09598 -0.00886
0.00000 0.00000 0.00000
0.16667 0.01988 -0.03389
0.10514 0.08815 0.05129
0.32326 -0.09536 0.01357
0.73118 0.08352 -0.04769
0.00000 0.00000 0.00000
0.24111 0.10154 0.00754
-0.00060 -0.11211 0.01479
0.08880 0.03830 -0.09279
0.03455 -0.01389 0.06244
0.00000 0.00000 0.00000
0.48728 0.04502 0.10817
-0.10861 -0.04414 -0.58286
0.08501 -0.13062 0.33239
0.46485 0.11396 -0.05253
-0.07660 -0.03456 0.69908
-0.11324 -0.07136 0.00402
0.00000 0.00000 0.00000
0.01618 -0.04996 -0.07850
-0.09706 0.01016 0.11033
-0.08751 -0.05058 0.44996
0.16667 0.01988 -0.03389
0.00000 0.00000 0.00000
0.59722 -0.04095 0.00194
0.00000 0.00000 0.00000
-0.13139 -0.07179 0.04883
0.00000 0.00000 0.00000
0.03774 -0.03215 0.23653
0.00000 0.00000 0.00000
0.12105 -0.13760 0.35431
0.00000 0.00000 0.00000
0.55100 0.07150 0.09147
0.00000 0.00000 0.00000
0.04843 -0.05058 0.37193
0.09716 -0.07152 -0.30214
0.10041 0.00995 0.07773
0.12747 -0.00020 0.09905
0.09605 -0.07458 0.28613
-0.05014 -0.06892 0.04407
0.18302 -0.16411 -0.27689
-0.08242 0.03238 0.11006
0.00000 0.00000 0.00000
0.00000 0.00000 0.00000
0.00000 0.00000 0.00000
0.00000 0.00000 0.00000
0.00000 0.00000 0.00000
0.00000 0.00000 0.00000
0.05871 0.00313 0.09412
-0.05057 -0.02837 -0.47936
-0.07406 0.05127 0.09937
0.68702 -0.01389 0.00386
0.14676 -0.15916 0.33440
-0.08816 -0.04038 0.69786
0.49009 0.00151 0.06512
-0.00817 -0.04444 0.07819
0.19568 -0.14680 0.29892
-0.05693 -0.04806 -0.47263
0.20761 -0.08448 0.29140
-0.03626 -0.03324 0.33432
0.08150 -0.06378 -0.13476
-0.09292 -0.04498 0.54236
-0.04135 -0.06960 0.04474
0.12847 -0.05691 -0.30933
0.72872 0.05467 -0.07512
0.00000 0.00000 0.00000
-0.00796 -0.06617 -0.13116
0.64795 -0.07133 -0.06027
0.00000 0.00000 0.00000
-0.04135 -0.06960 0.04474
0.00000 0.00000 0.00000
0.00000 0.00000 0.00000
-0.13748 -0.03824 0.65749
-0.00666 -0.04725 -0.45664
0.11134 -0.09100 0.32744
-0.09216 -0.08765 -0.10746
-0.09543 -0.03291 0.55346
0.00000 0.00000 0.00000
0.23962 -0.09458 -0.01936
0.00000 0.00000 0.00000
0.07654 -0.04365 0.29305
-0.00666 -0.04725 -0.45664
0.34336 -0.01389 -0.00169
0.00000 0.00000 0.00000
0.13093 -0.10746 0.00878
0.03547 0.00808 -0.04733
-0.09078 0.00808 -0.04555
0.69549 -0.00699 -0.05594
0.00000 0.00000 0.00000
0.00000 0.00000 0.00000
0.10604 -0.05120 -0.31123
0.06264 -0.05126 0.07862
0.00000 0.00000 0.00000
0.00000 0.00000 0.00000
0.56799 0.12381 -0.02812
0.00000 0.00000 0.00000
0.00000 0.00000 0.00000
0.00000 0.00000 0.00000
-0.12888 -0.17989 0.14900
0.13721 -0.08151 0.25536
0.55051 -0.09182 -0.03267
0.23830 -0.11614 -0.25879
0.03212 -0.04392 -0.48745
-0.03339 0.09513 -0.04222
0.00000 0.00000 0.00000
0.50324 -0.00975 0.10903
0.33492 0.00343 0.04529
0.09600 0.07270 -0.07737
0.24124 0.00446 -0.05651
0.73811 -0.03091 -0.07577
0.59722 -0.04095 0.00194
0.52343 0.01660 -0.04633
0.00000 0.00000 0.00000
0.08442 -0.05026 -0.35622
0.00000 0.00000 0.00000
0.20012 -0.14829 0.34939
-0.04175 0.02304 0.11128
-0.13345 -0.16739 -0.15911
-0.16300 -0.04720 -0.57512
0.68269 -0.00918 0.05592
0.10425 -0.04541 0.23553
0.49721 -0.05889 -0.08354
0.00000 0.00000 0.00000
0.41874 0.06323 -0.08381
0.00000 0.00000 0.00000
-0.14479 -0.01164 0.07291
-0.07538 -0.08765 -0.17202
0.00000 0.00000 0.00000
0.00000 0.00000 0.00000
0.46293 -0.05588 0.08582
0.80277 -0.00531 0.00870
0.50977 0.10010 0.01842
-0.12888 -0.17989 0.14900
0.00000 0.00000 0.00000
0.09716 -0.07152 -0.30214
0.58453 -0.07607 0.06398
0.03179 -0.10957 -0.28704
0.07005 -0.10962 -0.01102
-0.03737 0.08198 -0.08914
0.24344 0.07161 0.08733
0.11805 -0.04474 0.14332
-0.09879 -0.07948 -0.17832
0.00000 0.00000 0.00000
-0.03715 -0.07225 -0.07791
-0.08001 -0.05096 0.43965
0.18564 0.01861 -0.11189
-0.01875 -0.01043 -0.10897
-0.11903 -0.06706 -0.08329
0.75426 -0.00531 0.01209
0.45059 0.10043 0.03438
-0.06348 -0.02858 -0.50577
0.07855 -0.08957 0.03806
0.16667 0.01988 -0.03389
0.00000 0.00000 0.00000
0.13585 -0.13348 0.26930
0.17823 -0.13435 -0.27167
-0.13935 -0.04728 0.08365
0.24195 0.05021 -0.10605
0.25142 -0.11170 -0.25043
0.08293 -0.03486 0.11101
-0.09213 -0.08789 0.07053
0.82669 0.01847 -0.02937
0.14649 -0.05226 0.08860
0.00879 -0.01389 0.09886
0.50184 -0.06917 -0.07301
0.00000 0.00000 0.00000
0.09408 0.06128 0.08630
0.00000 0.00000 0.00000
0.00000 0.00000 0.00000
0.00000 0.00000 0.00000
0.09053 -0.11260 -0.33709
0.00000 0.00000 0.00000
0.24124 0.00446 -0.05651
0.67909 0.04542 0.02870
0.44981 0.08947 0.08336
0.01117 -0.07239 -0.06879
0.00000 0.00000 0.00000
-0.00163 -0.01389 -0.08792
0.45844 0.07029 0.09770
0.50977 0.10010 0.01842
0.64925 -0.07693 0.05319
0.00000 0.00000 0.00000
0.08867 -0.10264 -0.26796
-0.00482 -0.01389 0.06750
-0.08816 -0.04038 0.69786
-0.09871 -0.08673 -0.03987
-0.09408 -0.08765 0.12841
0.00000 0.00000 0.00000
0.53493 -0.01389 -0.00350
0.32537 -0.07388 0.06688
0.00000 0.00000 0.00000
-0.11987 -0.07591 -0.08446
0.09811 -0.10654 -0.35344
-0.10520 -0.03315 -0.73831
-0.02295 -0.03210 0.32798
0.00000 0.00000 0.00000
0.53888 0.00486 -0.03221
0.00000 0.00000 0.00000
0.01972 -0.09601 0.00860
0.04830 -0.00236 0.02637
0.07408 -0.08943 0.31145
0.10049 -0.06608 -0.08040
0.24566 -0.00975 -0.07104
0.00000 0.00000 0.00000
0.00000 0.00000 0.00000
0.00000 0.00000 0.00000
-0.13978 -0.03012 0.79990
-0.06632 -0.13898 0.15711
0.00000 0.00000 0.00000
-0.12888 -0.17989 0.14900
0.00000 0.00000 0.00000
0.00000 0.00000 0.00000
0.00000 0.00000 0.00000
0.00000 0.00000 0.00000
-0.02744 -0.08765 -0.03708
0.10441 0.06758 0.07808
0.05390 0.07207 0.07223
0.79387 -0.00531 0.04842
-0.11440 -0.06527 -0.20016
-0.08480 -0.03407 0.02927
0.07614 -0.03345 0.16342
0.10182 -0.03697 -0.07796
0.22163 -0.12902 -0.24375
0.00000 0.00000 0.00000
0.47735 -0.09433 0.02137
0.00000 0.00000 0.00000
0.00000 0.00000 0.00000
0.00960 -0.10010 -0.06251
-0.05528 -0.02796 -0.50020
0.51802 0.03806 -0.08443
0.09194 -0.10434 0.33469
0.80870 -0.00572 0.05854
0.00000 0.00000 0.00000
0.00000 0.00000 0.00000
-0.07641 -0.07458 0.06593
0.33992 0.07161 0.09705
0.03742 -0.03659 -0.09065
0.40973 -0.00193 0.02637
0.00000 0.00000 0.00000
0.00000 0.00000 0.00000
0.00571 -0.02528 -0.48878
-0.00349 -0.05775 0.28707
0.67003 -0.15943 -0.01595
0.00000 0.00000 0.00000
0.16110 0.02426 -0.08803
0.00000 0.00000 0.00000
-0.10969 -0.03613 0.70812
0.24566 -0.00975 -0.07104
0.11981 -0.11757 0.36024
0.00000 0.00000 0.00000
0.47245 0.00343 -0.08237
0.00000 0.00000 0.00000
-0.13345 -0.16739 -0.15911
0.21917 -0.04793 -0.09195
0.59722 -0.02477 -0.07550
0.69725 0.01688 -0.01795
0.22322 -0.08243 -0.25638
0.16800 0.10056 0.03508
